[?25l[0m[7m[38;2;0;0;0m [0m[38;2;0;0;0;48;2;0;0;0m               [38;2;11;57;47;48;2;1;6;5m▗[38;2;22;98;79;48;2;1;10;8m▂[38;2;24;86;66;48;2;1;6;4m▂[38;2;40;123;91;48;2;1;4;3m▁[38;2;20;62;43;48;2;0;0;0m▁[38;2;0;1;1m▏      [0m
[7m[38;2;0;0;0m [0m[38;2;0;0;0;48;2;0;0;0m         [38;2;1;29;31;48;2;0;4;4m▕[38;2;3;69;72;48;2;0;12;12m▀[38;2;0;1;1;48;2;6;77;76m▂[38;2;0;0;0;48;2;8;74;71m▔[48;2;10;76;69m▔[38;2;19;108;95;48;2;7;46;40m▁[38;2;13;62;52;48;2;1;12;9m▀[38;2;15;63;51;48;2;0;4;2m▀[38;2;18;71;54m▀[38;2;0;4;2;48;2;24;80;59m▖[38;2;39;117;85;48;2;8;28;19m▎[38;2;0;0;0;48;2;29;79;53m▅[38;2;24;61;39;48;2;0;2;1m▀[38;2;21;51;32;48;2;12;31;18m▘[38;2;1;5;2;48;2;31;68;39m▀[38;2;51;107;60;48;2;3;6;3m▂[38;2;34;70;36;48;2;0;1;0m▁[48;2;0;0;0m [0m
[7m[38;2;0;0;0m [0m[38;2;0;0;0;48;2;0;0;0m             [38;2;1;6;5m▔[38;2;18;104;91;48;2;0;3;2m▔[38;2;0;4;3;48;2;18;92;77m▅[38;2;17;75;60;48;2;4;18;14m▀[38;2;24;84;65;48;2;2;19;11m▆[38;2;29;94;70;48;2;12;44;30m▆[38;2;34;104;75;48;2;17;55;38m▎[38;2;22;63;41;48;2;4;17;10m▀[38;2;24;64;40;48;2;3;13;8m▀[38;2;26;65;38;48;2;4;13;7m▀[38;2;28;66;37m▀[38;2;18;43;22;48;2;61;126;68m▊[38;2;15;33;17;48;2;55;109;57m▆[38;2;43;85;42;48;2;15;30;14m▘[0m
[7m[38;2;0;0;0m [0m[38;2;0;0;0;48;2;0;0;0m                  [38;2;3;20;13m▔[38;2;0;1;1;48;2;29;90;63m▆[38;2;1;4;3;48;2;36;97;66m▅[38;2;28;70;45;48;2;4;10;6m▀[38;2;32;75;46;48;2;0;0;0m▆[38;2;43;95;55m▆[38;2;46;97;54;48;2;18;37;20m▆[38;2;72;140;75;48;2;26;54;28m▁[38;2;43;83;41;48;2;19;36;18m▁[0m
[38;2;69;100;30;48;2;0;0;0m▂[38;2;6;9;2m▁   [38;2;104;104;104;48;2;4;4;4m▗[38;2;70;70;70;48;2;0;0;0m▎    [38;2;145;145;145;48;2;8;8;8m▁[38;2;128;128;128;48;2;0;0;0m▂[38;2;17;17;17m▁           [38;2;10;27;12m▔[38;2;56;111;58;48;2;1;2;1m▔[38;2;0;0;0;48;2;62;116;59m▆[0m
[38;2;0;0;0;48;2;129;182;61m▁[38;2;89;127;41;48;2;12;18;5m▍[48;2;0;0;0m   [38;2;19;19;19;48;2;158;158;158m▊[38;2;131;131;131;48;2;0;0;0m▎   [38;2;15;15;15;48;2;129;129;129m▊[38;2;0;0;0;48;2;233;233;233m▁[48;2;239;239;239m▁[38;2;14;14;14;48;2;161;161;161m▐[48;2;0;0;0m              [0m
[?25h
[1;38;2;5;141;150mh[1;38;2;31;154;124mh[1;38;2;56;167;98mm[1;38;2;82;180;72mi[0m [38;2;120;120;120m|[0m [1;38;2;255;255;255mjanelia[0m
[38;2;150;150;150m       Research Campus[0m

[1mWelcome to the Janelia 🔥 Mojo Sandbox[0m

[1;38;2;230;180;40mNote:[0m /work is shared across the class -- please create your own
directory (e.g. [1mmkdir /work/yourname[0m) so you don't overwrite
classmates' files.

